LC091587.1	SRR32543259.19094	100.000	173	0	0	1	173	206	34	1.81e-86	320
LC091587.1	SRR32543259.18063	100.000	173	0	0	1	173	206	34	1.81e-86	320
LC091587.1	SRR32543259.17958	100.000	173	0	0	1	173	206	34	1.81e-86	320
LC091587.1	SRR32543259.17906	100.000	173	0	0	1	173	206	34	1.81e-86	320
LC091587.1	SRR32543259.17299	100.000	173	0	0	1	173	206	34	1.81e-86	320
LC091587.1	SRR32543259.16838	100.000	173	0	0	1	173	206	34	1.81e-86	320
LC091587.1	SRR32543259.16587	100.000	173	0	0	1	173	206	34	1.81e-86	320
LC091587.1	SRR32543259.16449	100.000	173	0	0	1	173	206	34	1.81e-86	320
LC091587.1	SRR32543259.16253	100.000	173	0	0	1	173	206	34	1.81e-86	320
LC091587.1	SRR32543259.16027	100.000	173	0	0	1	173	206	34	1.81e-86	320
LC091587.1	SRR32543259.15997	100.000	173	0	0	1	173	206	34	1.81e-86	320
LC091587.1	SRR32543259.15837	100.000	173	0	0	1	173	206	34	1.81e-86	320
LC091587.1	SRR32543259.15806	100.000	173	0	0	1	173	206	34	1.81e-86	320
LC091587.1	SRR32543259.14918	100.000	173	0	0	1	173	206	34	1.81e-86	320
LC091587.1	SRR32543259.14790	100.000	173	0	0	1	173	206	34	1.81e-86	320
LC091587.1	SRR32543259.14157	100.000	173	0	0	1	173	206	34	1.81e-86	320
LC091587.1	SRR32543259.14061	100.000	173	0	0	1	173	206	34	1.81e-86	320
LC091587.1	SRR32543259.14052	100.000	173	0	0	1	173	206	34	1.81e-86	320
LC091587.1	SRR32543259.13957	100.000	173	0	0	1	173	206	34	1.81e-86	320
LC091587.1	SRR32543259.13894	100.000	173	0	0	1	173	206	34	1.81e-86	320
LC091587.1	SRR32543259.13296	100.000	173	0	0	1	173	206	34	1.81e-86	320
LC091587.1	SRR32543259.13269	100.000	173	0	0	1	173	206	34	1.81e-86	320
LC091587.1	SRR32543259.13010	100.000	173	0	0	1	173	206	34	1.81e-86	320
LC091587.1	SRR32543259.12721	100.000	173	0	0	1	173	206	34	1.81e-86	320
LC091587.1	SRR32543259.12533	100.000	173	0	0	1	173	206	34	1.81e-86	320
LC091587.1	SRR32543259.12462	100.000	173	0	0	1	173	206	34	1.81e-86	320
LC091587.1	SRR32543259.12109	100.000	173	0	0	1	173	206	34	1.81e-86	320
LC091587.1	SRR32543259.12088	100.000	173	0	0	1	173	206	34	1.81e-86	320
LC091587.1	SRR32543259.12064	100.000	173	0	0	1	173	206	34	1.81e-86	320
LC091587.1	SRR32543259.11238	100.000	173	0	0	1	173	206	34	1.81e-86	320
LC091587.1	SRR32543259.11205	100.000	173	0	0	1	173	206	34	1.81e-86	320
LC091587.1	SRR32543259.10520	100.000	173	0	0	1	173	206	34	1.81e-86	320
LC091587.1	SRR32543259.10468	100.000	173	0	0	1	173	206	34	1.81e-86	320
LC091587.1	SRR32543259.10407	100.000	173	0	0	1	173	206	34	1.81e-86	320
LC091587.1	SRR32543259.10216	100.000	173	0	0	1	173	206	34	1.81e-86	320
LC091587.1	SRR32543259.9994	100.000	173	0	0	1	173	206	34	1.81e-86	320
LC091587.1	SRR32543259.9637	100.000	173	0	0	1	173	206	34	1.81e-86	320
LC091587.1	SRR32543259.9476	100.000	173	0	0	1	173	206	34	1.81e-86	320
LC091587.1	SRR32543259.9424	100.000	173	0	0	1	173	206	34	1.81e-86	320
LC091587.1	SRR32543259.9134	100.000	173	0	0	1	173	206	34	1.81e-86	320
LC091587.1	SRR32543259.8670	100.000	173	0	0	1	173	206	34	1.81e-86	320
LC091587.1	SRR32543259.8306	100.000	173	0	0	1	173	206	34	1.81e-86	320
LC091587.1	SRR32543259.8037	100.000	173	0	0	1	173	206	34	1.81e-86	320
LC091587.1	SRR32543259.7986	100.000	173	0	0	1	173	206	34	1.81e-86	320
LC091587.1	SRR32543259.7729	100.000	173	0	0	1	173	206	34	1.81e-86	320
LC091587.1	SRR32543259.6620	100.000	173	0	0	1	173	206	34	1.81e-86	320
LC091587.1	SRR32543259.6327	100.000	173	0	0	1	173	206	34	1.81e-86	320
LC091587.1	SRR32543259.6219	100.000	173	0	0	1	173	206	34	1.81e-86	320
LC091587.1	SRR32543259.5629	100.000	173	0	0	1	173	206	34	1.81e-86	320
LC091587.1	SRR32543259.5551	100.000	173	0	0	1	173	206	34	1.81e-86	320
LC091587.1	SRR32543259.5536	100.000	173	0	0	1	173	206	34	1.81e-86	320
LC091587.1	SRR32543259.5291	100.000	173	0	0	1	173	206	34	1.81e-86	320
LC091587.1	SRR32543259.5050	100.000	173	0	0	1	173	206	34	1.81e-86	320
LC091587.1	SRR32543259.5017	100.000	173	0	0	1	173	206	34	1.81e-86	320
LC091587.1	SRR32543259.4173	100.000	173	0	0	1	173	206	34	1.81e-86	320
LC091587.1	SRR32543259.3362	100.000	173	0	0	1	173	206	34	1.81e-86	320
LC091587.1	SRR32543259.3176	100.000	173	0	0	1	173	207	35	1.81e-86	320
LC091587.1	SRR32543259.3014	100.000	173	0	0	1	173	206	34	1.81e-86	320
LC091587.1	SRR32543259.2417	100.000	173	0	0	1	173	206	34	1.81e-86	320
LC091587.1	SRR32543259.2300	100.000	173	0	0	1	173	206	34	1.81e-86	320
LC091587.1	SRR32543259.2107	100.000	173	0	0	1	173	206	34	1.81e-86	320
LC091587.1	SRR32543259.1532	100.000	173	0	0	1	173	206	34	1.81e-86	320
LC091587.1	SRR32543259.1302	100.000	173	0	0	1	173	206	34	1.81e-86	320
LC091587.1	SRR32543259.801	100.000	173	0	0	1	173	206	34	1.81e-86	320
LC091587.1	SRR32543259.582	100.000	173	0	0	1	173	206	34	1.81e-86	320
LC091587.1	SRR32543259.556	100.000	173	0	0	1	173	206	34	1.81e-86	320
LC091587.1	SRR32543259.500	100.000	173	0	0	1	173	206	34	1.81e-86	320
LC091587.1	SRR32543259.355	100.000	173	0	0	1	173	206	34	1.81e-86	320
LC091587.1	SRR32543259.50	100.000	173	0	0	1	173	206	34	1.81e-86	320
LC091587.1	SRR32543259.19094	100.000	173	0	0	1	173	28	200	1.81e-86	320
LC091587.1	SRR32543259.18144	100.000	173	0	0	1	173	28	200	1.81e-86	320
LC091587.1	SRR32543259.18063	100.000	173	0	0	1	173	28	200	1.81e-86	320
LC091587.1	SRR32543259.17906	100.000	173	0	0	1	173	28	200	1.81e-86	320
LC091587.1	SRR32543259.17905	100.000	173	0	0	1	173	28	200	1.81e-86	320
LC091587.1	SRR32543259.17874	100.000	173	0	0	1	173	28	200	1.81e-86	320
LC091587.1	SRR32543259.17299	100.000	173	0	0	1	173	28	200	1.81e-86	320
LC091587.1	SRR32543259.17049	100.000	173	0	0	1	173	28	200	1.81e-86	320
LC091587.1	SRR32543259.16838	100.000	173	0	0	1	173	28	200	1.81e-86	320
LC091587.1	SRR32543259.16587	100.000	173	0	0	1	173	28	200	1.81e-86	320
LC091587.1	SRR32543259.16449	100.000	173	0	0	1	173	28	200	1.81e-86	320
LC091587.1	SRR32543259.16253	100.000	173	0	0	1	173	28	200	1.81e-86	320
LC091587.1	SRR32543259.16027	100.000	173	0	0	1	173	28	200	1.81e-86	320
LC091587.1	SRR32543259.15997	100.000	173	0	0	1	173	28	200	1.81e-86	320
LC091587.1	SRR32543259.15837	100.000	173	0	0	1	173	28	200	1.81e-86	320
LC091587.1	SRR32543259.15806	100.000	173	0	0	1	173	28	200	1.81e-86	320
LC091587.1	SRR32543259.15077	100.000	173	0	0	1	173	28	200	1.81e-86	320
LC091587.1	SRR32543259.14918	100.000	173	0	0	1	173	28	200	1.81e-86	320
LC091587.1	SRR32543259.14790	100.000	173	0	0	1	173	28	200	1.81e-86	320
LC091587.1	SRR32543259.14157	100.000	173	0	0	1	173	28	200	1.81e-86	320
LC091587.1	SRR32543259.14061	100.000	173	0	0	1	173	28	200	1.81e-86	320
LC091587.1	SRR32543259.14052	100.000	173	0	0	1	173	28	200	1.81e-86	320
LC091587.1	SRR32543259.13957	100.000	173	0	0	1	173	28	200	1.81e-86	320
LC091587.1	SRR32543259.13894	100.000	173	0	0	1	173	28	200	1.81e-86	320
LC091587.1	SRR32543259.13269	100.000	173	0	0	1	173	28	200	1.81e-86	320
LC091587.1	SRR32543259.13010	100.000	173	0	0	1	173	28	200	1.81e-86	320
LC091587.1	SRR32543259.12721	100.000	173	0	0	1	173	28	200	1.81e-86	320
LC091587.1	SRR32543259.12533	100.000	173	0	0	1	173	28	200	1.81e-86	320
LC091587.1	SRR32543259.12462	100.000	173	0	0	1	173	28	200	1.81e-86	320
LC091587.1	SRR32543259.12109	100.000	173	0	0	1	173	28	200	1.81e-86	320
LC091587.1	SRR32543259.12088	100.000	173	0	0	1	173	28	200	1.81e-86	320
LC091587.1	SRR32543259.12064	100.000	173	0	0	1	173	28	200	1.81e-86	320
LC091587.1	SRR32543259.12033	100.000	173	0	0	1	173	28	200	1.81e-86	320
LC091587.1	SRR32543259.11905	100.000	173	0	0	1	173	28	200	1.81e-86	320
LC091587.1	SRR32543259.11633	100.000	173	0	0	1	173	28	200	1.81e-86	320
LC091587.1	SRR32543259.11332	100.000	173	0	0	1	173	28	200	1.81e-86	320
LC091587.1	SRR32543259.11238	100.000	173	0	0	1	173	28	200	1.81e-86	320
LC091587.1	SRR32543259.11205	100.000	173	0	0	1	173	28	200	1.81e-86	320
LC091587.1	SRR32543259.10994	100.000	173	0	0	1	173	28	200	1.81e-86	320
LC091587.1	SRR32543259.10785	100.000	173	0	0	1	173	28	200	1.81e-86	320
LC091587.1	SRR32543259.10520	100.000	173	0	0	1	173	28	200	1.81e-86	320
LC091587.1	SRR32543259.10468	100.000	173	0	0	1	173	28	200	1.81e-86	320
LC091587.1	SRR32543259.10453	100.000	173	0	0	1	173	28	200	1.81e-86	320
LC091587.1	SRR32543259.10407	100.000	173	0	0	1	173	28	200	1.81e-86	320
LC091587.1	SRR32543259.9994	100.000	173	0	0	1	173	28	200	1.81e-86	320
LC091587.1	SRR32543259.9861	100.000	173	0	0	1	173	28	200	1.81e-86	320
LC091587.1	SRR32543259.9637	100.000	173	0	0	1	173	28	200	1.81e-86	320
LC091587.1	SRR32543259.9476	100.000	173	0	0	1	173	28	200	1.81e-86	320
LC091587.1	SRR32543259.9424	100.000	173	0	0	1	173	28	200	1.81e-86	320
LC091587.1	SRR32543259.9134	100.000	173	0	0	1	173	28	200	1.81e-86	320
LC091587.1	SRR32543259.8670	100.000	173	0	0	1	173	28	200	1.81e-86	320
LC091587.1	SRR32543259.8306	100.000	173	0	0	1	173	28	200	1.81e-86	320
LC091587.1	SRR32543259.6620	100.000	173	0	0	1	173	28	200	1.81e-86	320
LC091587.1	SRR32543259.6597	100.000	173	0	0	1	173	28	200	1.81e-86	320
LC091587.1	SRR32543259.6490	100.000	173	0	0	1	173	27	199	1.81e-86	320
LC091587.1	SRR32543259.6327	100.000	173	0	0	1	173	28	200	1.81e-86	320
LC091587.1	SRR32543259.6219	100.000	173	0	0	1	173	28	200	1.81e-86	320
LC091587.1	SRR32543259.5905	100.000	173	0	0	1	173	28	200	1.81e-86	320
LC091587.1	SRR32543259.5758	100.000	173	0	0	1	173	28	200	1.81e-86	320
LC091587.1	SRR32543259.5629	100.000	173	0	0	1	173	28	200	1.81e-86	320
LC091587.1	SRR32543259.5590	100.000	173	0	0	1	173	28	200	1.81e-86	320
LC091587.1	SRR32543259.5551	100.000	173	0	0	1	173	28	200	1.81e-86	320
LC091587.1	SRR32543259.5536	100.000	173	0	0	1	173	28	200	1.81e-86	320
LC091587.1	SRR32543259.5291	100.000	173	0	0	1	173	28	200	1.81e-86	320
LC091587.1	SRR32543259.5050	100.000	173	0	0	1	173	28	200	1.81e-86	320
LC091587.1	SRR32543259.5017	100.000	173	0	0	1	173	28	200	1.81e-86	320
LC091587.1	SRR32543259.4173	100.000	173	0	0	1	173	28	200	1.81e-86	320
LC091587.1	SRR32543259.3362	100.000	173	0	0	1	173	28	200	1.81e-86	320
LC091587.1	SRR32543259.3176	100.000	173	0	0	1	173	28	200	1.81e-86	320
LC091587.1	SRR32543259.3014	100.000	173	0	0	1	173	28	200	1.81e-86	320
LC091587.1	SRR32543259.2417	100.000	173	0	0	1	173	28	200	1.81e-86	320
LC091587.1	SRR32543259.2300	100.000	173	0	0	1	173	28	200	1.81e-86	320
LC091587.1	SRR32543259.2107	100.000	173	0	0	1	173	28	200	1.81e-86	320
LC091587.1	SRR32543259.1532	100.000	173	0	0	1	173	28	200	1.81e-86	320
LC091587.1	SRR32543259.1302	100.000	173	0	0	1	173	28	200	1.81e-86	320
LC091587.1	SRR32543259.1236	100.000	173	0	0	1	173	28	200	1.81e-86	320
LC091587.1	SRR32543259.582	100.000	173	0	0	1	173	28	200	1.81e-86	320
LC091587.1	SRR32543259.556	100.000	173	0	0	1	173	28	200	1.81e-86	320
LC091587.1	SRR32543259.500	100.000	173	0	0	1	173	28	200	1.81e-86	320
LC091587.1	SRR32543259.355	100.000	173	0	0	1	173	28	200	1.81e-86	320
LC091587.1	SRR32543259.50	100.000	173	0	0	1	173	28	200	1.81e-86	320
LC091587.1	SRR32543258.24892	100.000	173	0	0	1	173	206	34	1.81e-86	320
LC091587.1	SRR32543258.24457	100.000	173	0	0	1	173	206	34	1.81e-86	320
LC091587.1	SRR32543258.24298	100.000	173	0	0	1	173	206	34	1.81e-86	320
LC091587.1	SRR32543258.23360	100.000	173	0	0	1	173	206	34	1.81e-86	320
LC091587.1	SRR32543258.22621	100.000	173	0	0	1	173	206	34	1.81e-86	320
LC091587.1	SRR32543258.22614	100.000	173	0	0	1	173	206	34	1.81e-86	320
LC091587.1	SRR32543258.21649	100.000	173	0	0	1	173	206	34	1.81e-86	320
LC091587.1	SRR32543258.21475	100.000	173	0	0	1	173	206	34	1.81e-86	320
LC091587.1	SRR32543258.21295	100.000	173	0	0	1	173	206	34	1.81e-86	320
LC091587.1	SRR32543258.20906	100.000	173	0	0	1	173	206	34	1.81e-86	320
LC091587.1	SRR32543258.20359	100.000	173	0	0	1	173	206	34	1.81e-86	320
LC091587.1	SRR32543258.20350	100.000	173	0	0	1	173	206	34	1.81e-86	320
LC091587.1	SRR32543258.20302	100.000	173	0	0	1	173	206	34	1.81e-86	320
LC091587.1	SRR32543258.20275	100.000	173	0	0	1	173	206	34	1.81e-86	320
LC091587.1	SRR32543258.19685	100.000	173	0	0	1	173	206	34	1.81e-86	320
LC091587.1	SRR32543258.19232	100.000	173	0	0	1	173	206	34	1.81e-86	320
LC091587.1	SRR32543258.18921	100.000	173	0	0	1	173	206	34	1.81e-86	320
LC091587.1	SRR32543258.18475	100.000	173	0	0	1	173	206	34	1.81e-86	320
LC091587.1	SRR32543258.17717	100.000	173	0	0	1	173	206	34	1.81e-86	320
LC091587.1	SRR32543258.17321	100.000	173	0	0	1	173	206	34	1.81e-86	320
LC091587.1	SRR32543258.17225	100.000	173	0	0	1	173	206	34	1.81e-86	320
LC091587.1	SRR32543258.15639	100.000	173	0	0	1	173	206	34	1.81e-86	320
LC091587.1	SRR32543258.14972	100.000	173	0	0	1	173	206	34	1.81e-86	320
LC091587.1	SRR32543258.14925	100.000	173	0	0	1	173	206	34	1.81e-86	320
LC091587.1	SRR32543258.14361	100.000	173	0	0	1	173	206	34	1.81e-86	320
LC091587.1	SRR32543258.14182	100.000	173	0	0	1	173	206	34	1.81e-86	320
LC091587.1	SRR32543258.14008	100.000	173	0	0	1	173	206	34	1.81e-86	320
LC091587.1	SRR32543258.13391	100.000	173	0	0	1	173	206	34	1.81e-86	320
LC091587.1	SRR32543258.13032	100.000	173	0	0	1	173	206	34	1.81e-86	320
LC091587.1	SRR32543258.10476	100.000	173	0	0	1	173	206	34	1.81e-86	320
LC091587.1	SRR32543258.10278	100.000	173	0	0	1	173	206	34	1.81e-86	320
LC091587.1	SRR32543258.10191	100.000	173	0	0	1	173	206	34	1.81e-86	320
LC091587.1	SRR32543258.9556	100.000	173	0	0	1	173	206	34	1.81e-86	320
LC091587.1	SRR32543258.9057	100.000	173	0	0	1	173	206	34	1.81e-86	320
LC091587.1	SRR32543258.8828	100.000	173	0	0	1	173	206	34	1.81e-86	320
LC091587.1	SRR32543258.8347	100.000	173	0	0	1	173	206	34	1.81e-86	320
LC091587.1	SRR32543258.7680	100.000	173	0	0	1	173	206	34	1.81e-86	320
LC091587.1	SRR32543258.7661	100.000	173	0	0	1	173	206	34	1.81e-86	320
LC091587.1	SRR32543258.7599	100.000	173	0	0	1	173	206	34	1.81e-86	320
LC091587.1	SRR32543258.7182	100.000	173	0	0	1	173	206	34	1.81e-86	320
LC091587.1	SRR32543258.7009	100.000	173	0	0	1	173	206	34	1.81e-86	320
LC091587.1	SRR32543258.6221	100.000	173	0	0	1	173	206	34	1.81e-86	320
LC091587.1	SRR32543258.5585	100.000	173	0	0	1	173	206	34	1.81e-86	320
LC091587.1	SRR32543258.5121	100.000	173	0	0	1	173	206	34	1.81e-86	320
LC091587.1	SRR32543258.4723	100.000	173	0	0	1	173	206	34	1.81e-86	320
LC091587.1	SRR32543258.3959	100.000	173	0	0	1	173	206	34	1.81e-86	320
LC091587.1	SRR32543258.3582	100.000	173	0	0	1	173	206	34	1.81e-86	320
LC091587.1	SRR32543258.3458	100.000	173	0	0	1	173	206	34	1.81e-86	320
LC091587.1	SRR32543258.3432	100.000	173	0	0	1	173	206	34	1.81e-86	320
LC091587.1	SRR32543258.3005	100.000	173	0	0	1	173	206	34	1.81e-86	320
LC091587.1	SRR32543258.2909	100.000	173	0	0	1	173	206	34	1.81e-86	320
LC091587.1	SRR32543258.2473	100.000	173	0	0	1	173	206	34	1.81e-86	320
LC091587.1	SRR32543258.2306	100.000	173	0	0	1	173	206	34	1.81e-86	320
LC091587.1	SRR32543258.2226	100.000	173	0	0	1	173	206	34	1.81e-86	320
LC091587.1	SRR32543258.1094	100.000	173	0	0	1	173	206	34	1.81e-86	320
LC091587.1	SRR32543258.1036	100.000	173	0	0	1	173	205	33	1.81e-86	320
LC091587.1	SRR32543258.759	100.000	173	0	0	1	173	206	34	1.81e-86	320
LC091587.1	SRR32543258.568	100.000	173	0	0	1	173	206	34	1.81e-86	320
LC091587.1	SRR32543258.194	100.000	173	0	0	1	173	206	34	1.81e-86	320
LC091587.1	SRR32543258.24892	100.000	173	0	0	1	173	28	200	1.81e-86	320
LC091587.1	SRR32543258.24863	100.000	173	0	0	1	173	28	200	1.81e-86	320
LC091587.1	SRR32543258.24542	100.000	173	0	0	1	173	28	200	1.81e-86	320
LC091587.1	SRR32543258.24457	100.000	173	0	0	1	173	28	200	1.81e-86	320
LC091587.1	SRR32543258.24298	100.000	173	0	0	1	173	28	200	1.81e-86	320
LC091587.1	SRR32543258.23360	100.000	173	0	0	1	173	28	200	1.81e-86	320
LC091587.1	SRR32543258.22621	100.000	173	0	0	1	173	28	200	1.81e-86	320
LC091587.1	SRR32543258.22614	100.000	173	0	0	1	173	28	200	1.81e-86	320
LC091587.1	SRR32543258.22391	100.000	173	0	0	1	173	28	200	1.81e-86	320
LC091587.1	SRR32543258.21759	100.000	173	0	0	1	173	28	200	1.81e-86	320
LC091587.1	SRR32543258.21649	100.000	173	0	0	1	173	28	200	1.81e-86	320
LC091587.1	SRR32543258.21475	100.000	173	0	0	1	173	28	200	1.81e-86	320
LC091587.1	SRR32543258.21399	100.000	173	0	0	1	173	28	200	1.81e-86	320
LC091587.1	SRR32543258.21295	100.000	173	0	0	1	173	28	200	1.81e-86	320
LC091587.1	SRR32543258.20906	100.000	173	0	0	1	173	28	200	1.81e-86	320
LC091587.1	SRR32543258.20393	100.000	173	0	0	1	173	28	200	1.81e-86	320
LC091587.1	SRR32543258.20359	100.000	173	0	0	1	173	28	200	1.81e-86	320
LC091587.1	SRR32543258.20357	100.000	173	0	0	1	173	28	200	1.81e-86	320
LC091587.1	SRR32543258.20350	100.000	173	0	0	1	173	28	200	1.81e-86	320
LC091587.1	SRR32543258.20302	100.000	173	0	0	1	173	28	200	1.81e-86	320
LC091587.1	SRR32543258.20275	100.000	173	0	0	1	173	28	200	1.81e-86	320
LC091587.1	SRR32543258.19685	100.000	173	0	0	1	173	28	200	1.81e-86	320
LC091587.1	SRR32543258.19232	100.000	173	0	0	1	173	28	200	1.81e-86	320
LC091587.1	SRR32543258.18921	100.000	173	0	0	1	173	28	200	1.81e-86	320
LC091587.1	SRR32543258.18475	100.000	173	0	0	1	173	28	200	1.81e-86	320
LC091587.1	SRR32543258.17717	100.000	173	0	0	1	173	28	200	1.81e-86	320
LC091587.1	SRR32543258.17321	100.000	173	0	0	1	173	28	200	1.81e-86	320
LC091587.1	SRR32543258.17225	100.000	173	0	0	1	173	28	200	1.81e-86	320
LC091587.1	SRR32543258.15639	100.000	173	0	0	1	173	28	200	1.81e-86	320
LC091587.1	SRR32543258.14972	100.000	173	0	0	1	173	28	200	1.81e-86	320
LC091587.1	SRR32543258.14925	100.000	173	0	0	1	173	28	200	1.81e-86	320
LC091587.1	SRR32543258.14361	100.000	173	0	0	1	173	28	200	1.81e-86	320
LC091587.1	SRR32543258.14182	100.000	173	0	0	1	173	28	200	1.81e-86	320
LC091587.1	SRR32543258.14008	100.000	173	0	0	1	173	28	200	1.81e-86	320
LC091587.1	SRR32543258.13391	100.000	173	0	0	1	173	28	200	1.81e-86	320
LC091587.1	SRR32543258.13032	100.000	173	0	0	1	173	28	200	1.81e-86	320
LC091587.1	SRR32543258.10476	100.000	173	0	0	1	173	28	200	1.81e-86	320
LC091587.1	SRR32543258.10314	100.000	173	0	0	1	173	28	200	1.81e-86	320
LC091587.1	SRR32543258.10278	100.000	173	0	0	1	173	28	200	1.81e-86	320
LC091587.1	SRR32543258.10191	100.000	173	0	0	1	173	28	200	1.81e-86	320
LC091587.1	SRR32543258.9556	100.000	173	0	0	1	173	28	200	1.81e-86	320
LC091587.1	SRR32543258.9057	100.000	173	0	0	1	173	28	200	1.81e-86	320
LC091587.1	SRR32543258.8828	100.000	173	0	0	1	173	28	200	1.81e-86	320
LC091587.1	SRR32543258.8425	100.000	173	0	0	1	173	28	200	1.81e-86	320
LC091587.1	SRR32543258.8347	100.000	173	0	0	1	173	28	200	1.81e-86	320
LC091587.1	SRR32543258.7182	100.000	173	0	0	1	173	28	200	1.81e-86	320
LC091587.1	SRR32543258.7137	100.000	173	0	0	1	173	28	200	1.81e-86	320
LC091587.1	SRR32543258.7009	100.000	173	0	0	1	173	28	200	1.81e-86	320
LC091587.1	SRR32543258.6221	100.000	173	0	0	1	173	28	200	1.81e-86	320
LC091587.1	SRR32543258.5864	100.000	173	0	0	1	173	28	200	1.81e-86	320
LC091587.1	SRR32543258.5585	100.000	173	0	0	1	173	28	200	1.81e-86	320
LC091587.1	SRR32543258.5121	100.000	173	0	0	1	173	28	200	1.81e-86	320
LC091587.1	SRR32543258.4723	100.000	173	0	0	1	173	28	200	1.81e-86	320
LC091587.1	SRR32543258.4260	100.000	173	0	0	1	173	28	200	1.81e-86	320
LC091587.1	SRR32543258.3959	100.000	173	0	0	1	173	28	200	1.81e-86	320
LC091587.1	SRR32543258.3582	100.000	173	0	0	1	173	28	200	1.81e-86	320
LC091587.1	SRR32543258.3458	100.000	173	0	0	1	173	28	200	1.81e-86	320
LC091587.1	SRR32543258.3432	100.000	173	0	0	1	173	28	200	1.81e-86	320
LC091587.1	SRR32543258.3005	100.000	173	0	0	1	173	28	200	1.81e-86	320
LC091587.1	SRR32543258.2909	100.000	173	0	0	1	173	28	200	1.81e-86	320
LC091587.1	SRR32543258.2473	100.000	173	0	0	1	173	28	200	1.81e-86	320
LC091587.1	SRR32543258.2306	100.000	173	0	0	1	173	28	200	1.81e-86	320
LC091587.1	SRR32543258.2226	100.000	173	0	0	1	173	28	200	1.81e-86	320
LC091587.1	SRR32543258.1094	100.000	173	0	0	1	173	28	200	1.81e-86	320
LC091587.1	SRR32543258.1036	100.000	173	0	0	1	173	28	200	1.81e-86	320
LC091587.1	SRR32543258.759	100.000	173	0	0	1	173	28	200	1.81e-86	320
LC091587.1	SRR32543258.568	100.000	173	0	0	1	173	28	200	1.81e-86	320
LC091587.1	SRR32543258.194	100.000	173	0	0	1	173	28	200	1.81e-86	320
LC091587.1	SRR32543259.15284	100.000	172	0	0	2	173	205	34	6.51e-86	318
LC091587.1	SRR32543259.12775	100.000	172	0	0	2	173	205	34	6.51e-86	318
LC091587.1	SRR32543259.6795	100.000	172	0	0	1	172	206	35	6.51e-86	318
LC091587.1	SRR32543259.5590	100.000	172	0	0	1	172	206	35	6.51e-86	318
LC091587.1	SRR32543259.494	100.000	172	0	0	1	172	206	35	6.51e-86	318
LC091587.1	SRR32543259.15284	100.000	172	0	0	2	173	29	200	6.51e-86	318
LC091587.1	SRR32543259.12775	100.000	172	0	0	2	173	29	200	6.51e-86	318
LC091587.1	SRR32543259.6795	100.000	172	0	0	1	172	28	199	6.51e-86	318
LC091587.1	SRR32543259.494	100.000	172	0	0	1	172	28	199	6.51e-86	318
LC091587.1	SRR32543258.22659	100.000	172	0	0	1	172	206	35	6.51e-86	318
LC091587.1	SRR32543258.21759	100.000	172	0	0	2	173	205	34	6.51e-86	318
LC091587.1	SRR32543258.22659	100.000	172	0	0	1	172	28	199	6.51e-86	318
LC091587.1	SRR32543259.18086	100.000	171	0	0	3	173	204	34	2.34e-85	316
LC091587.1	SRR32543259.10300	100.000	171	0	0	3	173	204	34	2.34e-85	316
LC091587.1	SRR32543259.10300	100.000	171	0	0	3	173	30	200	2.34e-85	316
LC091587.1	SRR32543258.24863	100.000	171	0	0	3	173	204	34	2.34e-85	316
LC091587.1	SRR32543258.21399	100.000	171	0	0	3	173	204	34	2.34e-85	316
LC091587.1	SRR32543259.18998	99.422	173	1	0	1	173	206	34	8.42e-85	315
LC091587.1	SRR32543259.18582	99.422	173	1	0	1	173	206	34	8.42e-85	315
LC091587.1	SRR32543259.18144	99.422	173	1	0	1	173	206	34	8.42e-85	315
LC091587.1	SRR32543259.17905	99.422	173	1	0	1	173	206	34	8.42e-85	315
LC091587.1	SRR32543259.17813	99.422	173	1	0	1	173	206	34	8.42e-85	315
LC091587.1	SRR32543259.17049	99.422	173	1	0	1	173	206	34	8.42e-85	315
LC091587.1	SRR32543259.16896	99.422	173	1	0	1	173	206	34	8.42e-85	315
LC091587.1	SRR32543259.16532	99.422	173	1	0	1	173	206	34	8.42e-85	315
LC091587.1	SRR32543259.16056	99.422	173	1	0	1	173	206	34	8.42e-85	315
LC091587.1	SRR32543259.15352	99.422	173	1	0	1	173	206	34	8.42e-85	315
LC091587.1	SRR32543259.14062	99.422	173	1	0	1	173	206	34	8.42e-85	315
LC091587.1	SRR32543259.12390	99.422	173	1	0	1	173	206	34	8.42e-85	315
LC091587.1	SRR32543259.11905	99.422	173	1	0	1	173	206	34	8.42e-85	315
LC091587.1	SRR32543259.11633	99.422	173	1	0	1	173	206	34	8.42e-85	315
LC091587.1	SRR32543259.11427	99.422	173	1	0	1	173	206	34	8.42e-85	315
LC091587.1	SRR32543259.10785	99.422	173	1	0	1	173	206	34	8.42e-85	315
LC091587.1	SRR32543259.10651	99.422	173	1	0	1	173	206	34	8.42e-85	315
LC091587.1	SRR32543259.10453	99.422	173	1	0	1	173	206	34	8.42e-85	315
LC091587.1	SRR32543259.9881	99.422	173	1	0	1	173	206	34	8.42e-85	315
LC091587.1	SRR32543259.9398	99.422	173	1	0	1	173	206	34	8.42e-85	315
LC091587.1	SRR32543259.8239	99.422	173	1	0	1	173	206	34	8.42e-85	315
LC091587.1	SRR32543259.6597	99.422	173	1	0	1	173	206	34	8.42e-85	315
LC091587.1	SRR32543259.6490	99.422	173	1	0	1	173	206	34	8.42e-85	315
LC091587.1	SRR32543259.6427	99.422	173	1	0	1	173	206	34	8.42e-85	315
LC091587.1	SRR32543259.5905	99.422	173	1	0	1	173	206	34	8.42e-85	315
LC091587.1	SRR32543259.4608	99.422	173	1	0	1	173	206	34	8.42e-85	315
LC091587.1	SRR32543259.3714	99.422	173	1	0	1	173	206	34	8.42e-85	315
LC091587.1	SRR32543259.3668	99.422	173	1	0	1	173	206	34	8.42e-85	315
LC091587.1	SRR32543259.2132	99.422	173	1	0	1	173	206	34	8.42e-85	315
LC091587.1	SRR32543259.1640	99.422	173	1	0	1	173	206	34	8.42e-85	315
LC091587.1	SRR32543259.18998	99.422	173	1	0	1	173	28	200	8.42e-85	315
LC091587.1	SRR32543259.18582	99.422	173	1	0	1	173	28	200	8.42e-85	315
LC091587.1	SRR32543259.18003	99.422	173	1	0	1	173	28	200	8.42e-85	315
LC091587.1	SRR32543259.17813	99.422	173	1	0	1	173	28	200	8.42e-85	315
LC091587.1	SRR32543259.17646	99.422	173	1	0	1	173	28	200	8.42e-85	315
LC091587.1	SRR32543259.16896	99.422	173	1	0	1	173	28	200	8.42e-85	315
LC091587.1	SRR32543259.16532	99.422	173	1	0	1	173	28	200	8.42e-85	315
LC091587.1	SRR32543259.16236	99.422	173	1	0	1	173	28	200	8.42e-85	315
LC091587.1	SRR32543259.16056	99.422	173	1	0	1	173	28	200	8.42e-85	315
LC091587.1	SRR32543259.15352	99.422	173	1	0	1	173	28	200	8.42e-85	315
LC091587.1	SRR32543259.14708	99.422	173	1	0	1	173	28	200	8.42e-85	315
LC091587.1	SRR32543259.14062	99.422	173	1	0	1	173	28	200	8.42e-85	315
LC091587.1	SRR32543259.13181	99.422	173	1	0	1	173	28	200	8.42e-85	315
LC091587.1	SRR32543259.12390	99.422	173	1	0	1	173	28	200	8.42e-85	315
LC091587.1	SRR32543259.11427	99.422	173	1	0	1	173	28	200	8.42e-85	315
LC091587.1	SRR32543259.10651	99.422	173	1	0	1	173	28	200	8.42e-85	315
LC091587.1	SRR32543259.9881	99.422	173	1	0	1	173	28	200	8.42e-85	315
LC091587.1	SRR32543259.9398	99.422	173	1	0	1	173	28	200	8.42e-85	315
LC091587.1	SRR32543259.8037	99.422	173	1	0	1	173	28	200	8.42e-85	315
LC091587.1	SRR32543259.7986	99.422	173	1	0	1	173	28	200	8.42e-85	315
LC091587.1	SRR32543259.7729	99.422	173	1	0	1	173	28	200	8.42e-85	315
LC091587.1	SRR32543259.6427	99.422	173	1	0	1	173	28	200	8.42e-85	315
LC091587.1	SRR32543259.4608	99.422	173	1	0	1	173	28	200	8.42e-85	315
LC091587.1	SRR32543259.3714	99.422	173	1	0	1	173	28	200	8.42e-85	315
LC091587.1	SRR32543259.3668	99.422	173	1	0	1	173	28	200	8.42e-85	315
LC091587.1	SRR32543259.3270	99.422	173	1	0	1	173	28	200	8.42e-85	315
LC091587.1	SRR32543259.2297	99.422	173	1	0	1	173	28	200	8.42e-85	315
LC091587.1	SRR32543259.2132	99.422	173	1	0	1	173	28	200	8.42e-85	315
LC091587.1	SRR32543259.1640	99.422	173	1	0	1	173	28	200	8.42e-85	315
LC091587.1	SRR32543259.801	99.422	173	1	0	1	173	28	200	8.42e-85	315
LC091587.1	SRR32543258.24542	99.422	173	1	0	1	173	206	34	8.42e-85	315
LC091587.1	SRR32543258.24443	99.422	173	1	0	1	173	206	34	8.42e-85	315
LC091587.1	SRR32543258.23302	99.422	173	1	0	1	173	206	34	8.42e-85	315
LC091587.1	SRR32543258.23133	99.422	173	1	0	1	173	206	34	8.42e-85	315
LC091587.1	SRR32543258.22990	99.422	173	1	0	1	173	206	34	8.42e-85	315
LC091587.1	SRR32543258.22391	99.422	173	1	0	1	173	206	34	8.42e-85	315
LC091587.1	SRR32543258.22360	99.422	173	1	0	1	173	206	34	8.42e-85	315
LC091587.1	SRR32543258.21063	99.422	173	1	0	1	173	206	34	8.42e-85	315
LC091587.1	SRR32543258.19721	99.422	173	1	0	1	173	206	34	8.42e-85	315
LC091587.1	SRR32543258.18249	99.422	173	1	0	1	173	206	34	8.42e-85	315
LC091587.1	SRR32543258.16617	99.422	173	1	0	1	173	206	34	8.42e-85	315
LC091587.1	SRR32543258.16021	99.422	173	1	0	1	173	206	34	8.42e-85	315
LC091587.1	SRR32543258.14914	99.422	173	1	0	1	173	206	34	8.42e-85	315
LC091587.1	SRR32543258.14288	99.422	173	1	0	1	173	206	34	8.42e-85	315
LC091587.1	SRR32543258.14209	99.422	173	1	0	1	173	206	34	8.42e-85	315
LC091587.1	SRR32543258.11420	99.422	173	1	0	1	173	206	34	8.42e-85	315
LC091587.1	SRR32543258.10833	99.422	173	1	0	1	173	206	34	8.42e-85	315
LC091587.1	SRR32543258.10533	99.422	173	1	0	1	173	206	34	8.42e-85	315
LC091587.1	SRR32543258.10314	99.422	173	1	0	1	173	206	34	8.42e-85	315
LC091587.1	SRR32543258.8425	99.422	173	1	0	1	173	206	34	8.42e-85	315
LC091587.1	SRR32543258.8038	99.422	173	1	0	1	173	206	34	8.42e-85	315
LC091587.1	SRR32543258.7939	99.422	173	1	0	1	173	206	34	8.42e-85	315
LC091587.1	SRR32543258.7934	99.422	173	1	0	1	173	206	34	8.42e-85	315
LC091587.1	SRR32543258.7760	99.422	173	1	0	1	173	206	34	8.42e-85	315
LC091587.1	SRR32543258.7650	99.422	173	1	0	1	173	206	34	8.42e-85	315
LC091587.1	SRR32543258.7137	99.422	173	1	0	1	173	206	34	8.42e-85	315
LC091587.1	SRR32543258.5949	99.422	173	1	0	1	173	206	34	8.42e-85	315
LC091587.1	SRR32543258.4260	99.422	173	1	0	1	173	206	34	8.42e-85	315
LC091587.1	SRR32543258.3805	99.422	173	1	0	1	173	206	34	8.42e-85	315
LC091587.1	SRR32543258.3593	99.422	173	1	0	1	173	206	34	8.42e-85	315
LC091587.1	SRR32543258.3477	99.422	173	1	0	1	173	206	34	8.42e-85	315
LC091587.1	SRR32543258.3470	99.422	173	1	0	1	173	206	34	8.42e-85	315
LC091587.1	SRR32543258.2446	99.422	173	1	0	1	173	206	34	8.42e-85	315
LC091587.1	SRR32543258.1557	99.422	173	1	0	1	173	206	34	8.42e-85	315
LC091587.1	SRR32543258.24443	99.422	173	1	0	1	173	28	200	8.42e-85	315
LC091587.1	SRR32543258.24280	99.422	173	1	0	1	173	28	200	8.42e-85	315
LC091587.1	SRR32543258.23302	99.422	173	1	0	1	173	28	200	8.42e-85	315
LC091587.1	SRR32543258.23273	99.422	173	1	0	1	173	28	200	8.42e-85	315
LC091587.1	SRR32543258.23133	99.422	173	1	0	1	173	28	200	8.42e-85	315
LC091587.1	SRR32543258.22990	99.422	173	1	0	1	173	28	200	8.42e-85	315
LC091587.1	SRR32543258.22360	99.422	173	1	0	1	173	28	200	8.42e-85	315
LC091587.1	SRR32543258.21195	99.422	173	1	0	1	173	28	200	8.42e-85	315
LC091587.1	SRR32543258.21073	99.422	173	1	0	1	173	28	200	8.42e-85	315
LC091587.1	SRR32543258.21063	99.422	173	1	0	1	173	28	200	8.42e-85	315
LC091587.1	SRR32543258.19721	99.422	173	1	0	1	173	28	200	8.42e-85	315
LC091587.1	SRR32543258.18249	99.422	173	1	0	1	173	28	200	8.42e-85	315
LC091587.1	SRR32543258.16617	99.422	173	1	0	1	173	28	200	8.42e-85	315
LC091587.1	SRR32543258.16021	99.422	173	1	0	1	173	28	200	8.42e-85	315
LC091587.1	SRR32543258.15681	99.422	173	1	0	1	173	28	200	8.42e-85	315
LC091587.1	SRR32543258.14914	99.422	173	1	0	1	173	28	200	8.42e-85	315
LC091587.1	SRR32543258.14288	99.422	173	1	0	1	173	28	200	8.42e-85	315
LC091587.1	SRR32543258.14209	99.422	173	1	0	1	173	28	200	8.42e-85	315
LC091587.1	SRR32543258.11420	99.422	173	1	0	1	173	28	200	8.42e-85	315
LC091587.1	SRR32543258.10833	99.422	173	1	0	1	173	28	200	8.42e-85	315
LC091587.1	SRR32543258.10533	100.000	170	0	0	1	170	28	197	8.42e-85	315
LC091587.1	SRR32543258.8038	99.422	173	1	0	1	173	28	200	8.42e-85	315
LC091587.1	SRR32543258.7680	99.422	173	1	0	1	173	28	200	8.42e-85	315
LC091587.1	SRR32543258.7661	99.422	173	1	0	1	173	28	200	8.42e-85	315
LC091587.1	SRR32543258.7599	99.422	173	1	0	1	173	28	200	8.42e-85	315
LC091587.1	SRR32543258.5949	99.422	173	1	0	1	173	28	200	8.42e-85	315
LC091587.1	SRR32543258.5684	99.422	173	1	0	1	173	28	200	8.42e-85	315
LC091587.1	SRR32543258.3805	99.422	173	1	0	1	173	28	200	8.42e-85	315
LC091587.1	SRR32543258.3593	99.422	173	1	0	1	173	28	200	8.42e-85	315
LC091587.1	SRR32543258.3477	99.422	173	1	0	1	173	28	200	8.42e-85	315
LC091587.1	SRR32543258.3470	99.422	173	1	0	1	173	28	200	8.42e-85	315
LC091587.1	SRR32543258.2446	99.422	173	1	0	1	173	28	200	8.42e-85	315
LC091587.1	SRR32543258.1557	99.422	173	1	0	1	173	28	200	8.42e-85	315
LC091587.1	SRR32543258.1135	99.422	173	1	0	1	173	28	200	8.42e-85	315
LC091587.1	SRR32543258.740	99.422	173	1	0	1	173	28	200	8.42e-85	315
LC091587.1	SRR32543259.19159	99.422	173	0	1	1	173	205	34	3.03e-84	313
LC091587.1	SRR32543259.2202	99.422	173	0	1	1	173	205	34	3.03e-84	313
LC091587.1	SRR32543259.19159	99.422	173	0	1	1	173	28	199	3.03e-84	313
LC091587.1	SRR32543258.20393	99.419	172	1	0	2	173	205	34	3.03e-84	313
LC091587.1	SRR32543259.16236	99.415	171	1	0	3	173	204	34	1.09e-83	311
LC091587.1	SRR32543259.14708	99.415	171	1	0	3	173	204	34	1.09e-83	311
LC091587.1	SRR32543259.11332	99.415	171	1	0	3	173	204	34	1.09e-83	311
LC091587.1	SRR32543259.18086	99.415	171	1	0	3	173	30	200	1.09e-83	311
LC091587.1	SRR32543258.5864	99.415	171	1	0	3	173	204	34	1.09e-83	311
LC091587.1	SRR32543259.18003	98.844	173	2	0	1	173	206	34	3.92e-83	309
LC091587.1	SRR32543259.17874	98.844	173	2	0	1	173	206	34	3.92e-83	309
LC091587.1	SRR32543259.17473	98.844	173	2	0	1	173	206	34	3.92e-83	309
LC091587.1	SRR32543259.15959	98.844	173	2	0	1	173	206	34	3.92e-83	309
LC091587.1	SRR32543259.14702	98.844	173	2	0	1	173	206	34	3.92e-83	309
LC091587.1	SRR32543259.14431	98.844	173	2	0	1	173	206	34	3.92e-83	309
LC091587.1	SRR32543259.12033	98.844	173	2	0	1	173	206	34	3.92e-83	309
LC091587.1	SRR32543259.8076	98.844	173	2	0	1	173	206	34	3.92e-83	309
LC091587.1	SRR32543259.7831	98.844	173	2	0	1	173	206	34	3.92e-83	309
LC091587.1	SRR32543259.7523	98.844	173	2	0	1	173	206	34	3.92e-83	309
LC091587.1	SRR32543259.7260	98.844	173	2	0	1	173	206	34	3.92e-83	309
LC091587.1	SRR32543259.3270	98.844	173	2	0	1	173	206	34	3.92e-83	309
LC091587.1	SRR32543259.1501	98.844	173	2	0	1	173	206	34	3.92e-83	309
LC091587.1	SRR32543259.17473	98.844	173	2	0	1	173	28	200	3.92e-83	309
LC091587.1	SRR32543259.15959	98.844	173	2	0	1	173	28	200	3.92e-83	309
LC091587.1	SRR32543259.14702	98.844	173	2	0	1	173	28	200	3.92e-83	309
LC091587.1	SRR32543259.14431	98.844	173	2	0	1	173	28	200	3.92e-83	309
LC091587.1	SRR32543259.10216	98.844	173	2	0	1	173	28	200	3.92e-83	309
LC091587.1	SRR32543259.8239	98.844	173	2	0	1	173	28	200	3.92e-83	309
LC091587.1	SRR32543259.7260	98.844	173	2	0	1	173	28	200	3.92e-83	309
LC091587.1	SRR32543259.1501	98.844	173	2	0	1	173	28	200	3.92e-83	309
LC091587.1	SRR32543258.24280	98.844	173	2	0	1	173	206	34	3.92e-83	309
LC091587.1	SRR32543258.15681	98.844	173	2	0	1	173	206	34	3.92e-83	309
LC091587.1	SRR32543258.11096	98.844	173	2	0	1	173	206	34	3.92e-83	309
LC091587.1	SRR32543258.5190	98.844	173	2	0	1	173	206	34	3.92e-83	309
LC091587.1	SRR32543258.1135	98.844	173	2	0	1	173	206	34	3.92e-83	309
LC091587.1	SRR32543258.11096	98.844	173	2	0	1	173	28	200	3.92e-83	309
LC091587.1	SRR32543258.7939	98.844	173	2	0	1	173	28	200	3.92e-83	309
LC091587.1	SRR32543258.7934	98.844	173	2	0	1	173	28	200	3.92e-83	309
LC091587.1	SRR32543258.7760	98.844	173	2	0	1	173	28	200	3.92e-83	309
LC091587.1	SRR32543258.7650	98.844	173	2	0	1	173	28	200	3.92e-83	309
LC091587.1	SRR32543258.5190	98.844	173	2	0	1	173	28	200	3.92e-83	309
LC091587.1	SRR32543258.2880	98.844	173	2	0	1	173	28	200	3.92e-83	309
LC091587.1	SRR32543259.15077	98.837	172	2	0	2	173	205	34	1.41e-82	307
LC091587.1	SRR32543259.12929	98.844	173	1	1	1	173	205	34	1.41e-82	307
LC091587.1	SRR32543259.13296	100.000	166	0	0	1	166	85	250	1.41e-82	307
LC091587.1	SRR32543259.12929	98.844	173	1	1	1	173	28	199	1.41e-82	307
LC091587.1	SRR32543259.2202	98.844	173	1	1	1	173	28	199	1.41e-82	307
LC091587.1	SRR32543258.5684	98.837	172	2	0	2	173	205	34	1.41e-82	307
LC091587.1	SRR32543259.17646	98.830	171	2	0	1	171	206	36	5.07e-82	305
LC091587.1	SRR32543259.13181	98.824	170	2	0	4	173	203	34	1.82e-81	303
LC091587.1	SRR32543259.7591	98.266	173	3	0	1	173	206	34	1.82e-81	303
LC091587.1	SRR32543259.1236	98.266	173	3	0	1	173	206	34	1.82e-81	303
LC091587.1	SRR32543259.8076	98.266	173	3	0	1	173	28	200	1.82e-81	303
LC091587.1	SRR32543259.7831	98.266	173	3	0	1	173	28	200	1.82e-81	303
LC091587.1	SRR32543259.7523	98.266	173	3	0	1	173	28	200	1.82e-81	303
LC091587.1	SRR32543258.20357	98.266	173	3	0	1	173	206	34	1.82e-81	303
LC091587.1	SRR32543258.2880	98.266	173	3	0	1	173	206	34	1.82e-81	303
LC091587.1	SRR32543258.740	98.824	170	2	0	4	173	203	34	1.82e-81	303
LC091587.1	SRR32543258.1959	98.266	173	3	0	1	173	28	200	1.82e-81	303
LC091587.1	SRR32543259.7591	97.688	173	4	0	1	173	28	200	8.48e-80	298
LC091587.1	SRR32543258.23273	97.688	173	4	0	1	173	206	34	8.48e-80	298
LC091587.1	SRR32543258.8732	97.701	174	3	1	1	173	28	201	8.48e-80	298
LC091587.1	SRR32543258.21195	97.110	173	5	0	1	173	206	34	3.94e-78	292
LC091587.1	SRR32543258.13960	97.126	174	4	1	1	173	207	34	3.94e-78	292
LC091587.1	SRR32543258.8732	97.126	174	4	1	1	173	207	34	3.94e-78	292
LC091587.1	SRR32543258.13960	97.126	174	4	1	1	173	28	201	3.94e-78	292
LC091587.1	SRR32543258.24330	97.110	173	3	1	1	173	204	34	1.42e-77	291
LC091587.1	SRR32543258.24330	97.110	173	3	2	1	173	28	198	1.42e-77	291
LC091587.1	SRR32543259.2297	96.532	173	6	0	1	173	206	34	1.83e-76	287
LC091587.1	SRR32543258.3199	96.532	173	5	1	1	173	205	34	6.60e-76	285
LC091587.1	SRR32543258.3199	96.532	173	5	1	1	173	28	199	6.60e-76	285
LC091587.1	SRR32543258.1959	95.954	173	7	0	1	173	206	34	8.54e-75	281
LC091587.1	SRR32543258.21073	96.407	167	5	1	7	173	199	34	1.43e-72	274
LC091587.1	SRR32543259.9861	94.152	171	10	0	1	171	206	36	1.11e-68	261
LC091587.1	SRR32543254.42319	92.045	176	11	3	1	173	209	34	1.12e-63	244
LC091587.1	SRR32543254.42262	92.045	176	11	3	1	173	209	34	1.12e-63	244
LC091587.1	SRR32543254.42194	92.045	176	11	3	1	173	209	34	1.12e-63	244
